Quarter Annular Grid - Example 1           ! ALPHANUMERIC DESCRIPTOR FOR GRID FILE
96  63                                     ! NE,NP - NUMBER OF ELEMENTS AND NUMBER OF NODAL POINTS
101	60960.0	0.0	3.048
102	76200.0	0.0	4.7625
103	91440.0	0.0	6.858
104	106680.0	0.0	9.3345
105	121920.0	0.0	12.192
106	137160.0	0.0	15.4305
107	152400.0	0.0	19.05
108	59788.7	11892.7	3.048
109	74735.7	14866.0	4.7625
110	89683.1	17839.0	6.858
111	104630.2	20812.4	9.3345
112	119577.3	23785.4	12.192
113	134524.4	26758.7	15.4305
114	149471.8	29731.7	19.05
115	56319.7	23328.5	3.048
116	70399.7	29160.5	4.7625
117	84479.6	34992.6	6.858
118	98559.5	40824.6	9.3345
119	112639.5	46656.7	12.192
120	126719.4	52489.0	15.4305
121	140799.3	58321.0	19.05
122	50686.4	33867.5	3.048
123	63357.9	42334.6	4.7625
124	76029.6	50801.3	6.858
125	88701.1	59268.4	9.3345
126	101372.8	67735.1	12.192
127	114044.3	76202.1	15.4305
128	126716.0	84668.9	19.05
129	43105.1	43105.1	3.048
130	53881.6	53881.6	4.7625
131	64657.8	64657.8	6.858
132	75434.0	75434.0	9.3345
133	86210.5	86210.5	12.192
134	96986.7	96986.7	15.4305
135	107763.0	107763.0	19.05
136	33867.5	50686.4	3.048
137	42334.6	63357.9	4.7625
138	50801.3	76029.6	6.858
139	59268.4	88701.1	9.3345
140	67735.1	101372.8	12.192
141	76202.1	114044.3	15.4305
142	84668.9	126716.0	19.05
143	23328.5	56319.7	3.048
144	29160.5	70399.7	4.7625
145	34992.6	84479.6	6.858
146	40824.6	98559.5	9.3345
147	46656.7	112639.5	12.192
148	52489.0	126719.4	15.4305
149	58321.0	140799.3	19.05
150	11892.7	59788.7	3.048
151	14866.0	74735.7	4.7625
152	17839.0	89683.1	6.858
153	20812.4	104630.2	9.3345
154	23785.4	119577.3	12.192
155	26758.7	134524.4	15.4305
156	29731.7	149471.8	19.05
157	0.0	60960.0	3.048
158	0.0	76200.0	4.7625
159	0.0	91440.0	6.858
160	0.0	106680.0	9.3345
161	0.0	121920.0	12.192
162	0.0	137160.0	15.4305
163	0.0	152400.0	19.05
1	3	101	102	108
2	3	108	102	109
3	3	109	102	110
4	3	102	103	110
5	3	110	103	104
6	3	110	104	111
7	3	111	104	112
8	3	104	105	112
9	3	105	106	112
10	3	106	113	112
11	3	113	106	114
12	3	106	107	114
13	3	115	108	116
14	3	108	109	116
15	3	116	109	110
16	3	116	110	117
17	3	117	110	118
18	3	110	111	118
19	3	118	111	112
20	3	118	112	119
21	3	119	112	120
22	3	112	113	120
23	3	120	113	114
24	3	120	114	121
25	3	122	115	116
26	3	122	116	123
27	3	123	116	124
28	3	116	117	124
29	3	124	117	118
30	3	124	118	125
31	3	125	118	126
32	3	118	119	126
33	3	126	119	120
34	3	126	120	127
35	3	127	120	128
36	3	120	121	128
37	3	129	122	130
38	3	122	123	130
39	3	130	123	124
40	3	130	124	131
41	3	131	124	132
42	3	124	125	132
43	3	132	125	126
44	3	132	126	133
45	3	133	126	134
46	3	126	127	134
47	3	134	127	128
48	3	134	128	135
49	3	136	129	130
50	3	136	130	137
51	3	137	130	138
52	3	130	131	138
53	3	138	131	132
54	3	138	132	139
55	3	139	132	140
56	3	132	133	140
57	3	133	134	140
58	3	140	134	141
59	3	141	134	142
60	3	134	135	142
61	3	143	136	144
62	3	136	137	144
63	3	144	137	138
64	3	144	138	145
65	3	145	138	146
66	3	138	139	146
67	3	139	140	146
68	3	146	140	147
69	3	147	140	148
70	3	140	141	148
71	3	141	142	148
72	3	148	142	149
73	3	150	143	144
74	3	150	144	151
75	3	151	144	152
76	3	144	145	152
77	3	145	146	152
78	3	152	146	153
79	3	153	146	154
80	3	146	147	154
81	3	154	147	148
82	3	154	148	155
83	3	155	148	156
84	3	148	149	156
85	3	157	150	158
86	3	150	151	158
87	3	158	151	152
88	3	158	152	159
89	3	159	152	160
90	3	152	153	160
91	3	160	153	154
92	3	160	154	161
93	3	161	154	162
94	3	154	155	162
95	3	162	155	156
96	3	162	156	163
1                    ! NOPE - TOTAL NUMBER OF OPEN BOUNDARY FORCING SEGMENTS
9                    ! NETA - TOTAL NUMBER OF OPEN BOUNDARY FORCING NODES
9                    ! NUMBER OF NODES ON OPEN BOUNDARY FORCING SEGMENT 1
107	! BEGINNING NODE NUMBER ON OPEN BOUNDARY 1
114	
121	
128	
135	
142	
149	
156	
163	! ENDING NODE NUMBER ON OPEN BOUNDARY 1
1                    ! NBOU - TOTAL NUMBER OF LAND BOUNDARY SEGMENTS INCLUDING ISLAND SEGMENTS
21                   ! NVEL - TOTAL NUMBER OF LAND BOUNDARY NODES
21 0                 ! NUMBER OF NODES IN LAND BOUNDARY NO. 1 AND BOUNDARY TYPE (MAINLAND)
163	! BEGINNING NODE NUMBER OF LAND BOUNDARY NO. 1
162	
161	
160	
159	
158	
157	
150	
143	
136	
129	
122	
115	
108	
101	
102	
103	
104	
105	
106	
107	! END NODE NUMBER OF BOUNDARY 1
