Quarter Annular Grid - Example 1           ! ALPHANUMERIC DESCRIPTOR FOR GRID FILE
96  63                                     ! NE,NP - NUMBER OF ELEMENTS AND NUMBER OF NODAL POINTS
465	23328.5	56319.7	3.0480
472	20812.4	104630.2	9.3345
423	0.0	106680.0	9.3345
463	26758.7	134524.4	15.4305
417	40824.6	98559.5	9.3345
464	70399.7	29160.5	4.7625
474	23785.4	119577.3	12.1920
438	152400.0	0.0	19.0500
452	59788.7	11892.7	3.0480
467	96986.7	96986.7	15.4305
458	17839.0	89683.1	6.8580
439	0.0	137160.0	15.4305
473	91440.0	0.0	6.8580
432	0.0	91440.0	6.8580
422	114044.3	76202.1	15.4305
448	42334.6	63357.9	4.7625
441	0.0	76200.0	4.7625
421	33867.5	50686.4	3.0480
418	0.0	60960.0	3.0480
435	64657.8	64657.8	6.8580
462	119577.3	23785.4	12.1920
469	59268.4	88701.1	9.3345
428	0.0	121920.0	12.1920
461	29731.7	149471.8	19.0500
466	14866.0	74735.7	4.7625
420	76202.1	114044.3	15.4305
446	149471.8	29731.7	19.0500
434	76029.6	50801.3	6.8580
425	134524.4	26758.7	15.4305
470	121920.0	0.0	12.1920
427	0.0	152400.0	19.0500
437	11892.7	59788.7	3.0480
413	43105.1	43105.1	3.0480
450	101372.8	67735.1	12.1920
443	88701.1	59268.4	9.3345
431	50686.4	33867.5	3.0480
468	126719.4	52489.0	15.4305
459	46656.7	112639.5	12.1920
440	112639.5	46656.7	12.1920
429	63357.9	42334.6	4.7625
447	104630.2	20812.4	9.3345
419	98559.5	40824.6	9.3345
445	58321.0	140799.3	19.0500
436	29160.5	70399.7	4.7625
449	106680.0	0.0	9.3345
471	60960.0	0.0	3.0480
414	75434.0	75434.0	9.3345
415	74735.7	14866.0	4.7625
453	107763.0	107763.0	19.0500
426	89683.1	17839.0	6.8580
444	137160.0	0.0	15.4305
433	84479.6	34992.6	6.8580
451	76200.0	0.0	4.7625
456	52489.0	126719.4	15.4305
416	34992.6	84479.6	6.8580
454	140799.3	58321.0	19.0500
424	126716.0	84668.9	19.0500
460	84668.9	126716.0	19.0500
430	53881.6	53881.6	4.7625
442	67735.1	101372.8	12.1920
475	50801.3	76029.6	6.8580
455	86210.5	86210.5	12.1920
457	56319.7	23328.5	3.0480
113	3	430	435	475
104	3	464	433	434
128	3	413	431	430
73	3	423	474	428
77	3	463	456	461
58	3	468	446	454
145	3	421	430	448
96	3	449	470	462
112	3	430	429	434
115	3	457	452	464
57	3	442	420	456
119	3	475	435	414
74	3	436	416	458
105	3	465	421	436
138	3	450	468	422
88	3	439	461	427
82	3	458	472	423
132	3	467	424	453
92	3	467	453	460
79	3	452	415	464
60	3	471	451	452
111	3	414	443	450
55	3	440	462	468
89	3	455	467	442
84	3	455	450	467
131	3	422	468	424
124	3	435	434	414
94	3	458	417	472
72	3	416	475	417
93	3	426	447	419
87	3	456	460	445
137	3	421	448	436
133	3	432	458	423
78	3	442	467	420
139	3	433	426	419
54	3	418	437	441
135	3	417	459	474
98	3	474	463	439
81	3	475	469	417
103	3	450	422	467
67	3	434	433	419
116	3	434	443	414
101	3	414	455	442
76	3	415	451	426
85	3	420	460	456
64	3	469	414	442
91	3	436	475	416
66	3	474	459	456
129	3	426	473	449
56	3	437	466	441
123	3	431	464	429
125	3	452	451	415
106	3	439	463	461
114	3	437	465	436
109	3	448	430	475
71	3	420	467	460
69	3	431	429	430
142	3	436	448	475
90	3	466	436	458
52	3	443	419	450
118	3	456	445	461
68	3	464	415	426
99	3	447	449	462
110	3	431	457	464
80	3	459	442	456
122	3	428	474	439
95	3	434	419	443
86	3	426	449	447
130	3	429	464	434
51	3	475	414	469
59	3	444	425	462
108	3	474	456	463
136	3	470	444	462
144	3	450	440	468
120	3	416	417	458
102	3	419	447	462
61	3	464	426	433
53	3	414	450	455
121	3	425	444	446
141	3	468	454	424
127	3	441	466	458
70	3	451	473	426
134	3	419	462	440
83	3	430	434	435
107	3	462	425	468
126	3	469	442	417
143	3	417	442	459
97	3	421	413	430
50	3	472	417	474
75	3	444	438	446
100	3	467	422	424
140	3	437	436	466
65	3	468	425	446
63	3	419	440	450
117	3	423	472	474
62	3	441	458	432
1
9
9
438
446
454
424
453
460
445
461
427
1
21
21
427
439
428
423
432
441
418
437
465
421
413
431
457
452
471
451
473
449
470
444
438
